%YAML:1.0
---
M1: !!opencv-matrix
   rows: 3
   cols: 3
   dt: d
   data: [1709.106560172507,   -10.750248954771836,743.0535612205799,
          0,                    1709.092021010052,  562.2481003274844,
          0,                    0,                1]
D1: !!opencv-matrix
   rows: 1
   cols: 5
   dt: d
   data: [-0.048290315998565,
         0.330448106038088,
         0.0003282763016367471,
         0.00009878567086868467,
         -0.465101144149930]
