%YAML:1.0
---
M1: !!opencv-matrix
   rows: 3
   cols: 3
   dt: d
   data: [ 1322.78112236687, -2.530426675735740,   620.6344454067877,
           0,                1321.252970143454,    526.7713367740919,
           0,                 0,                       1
         ]
D1: !!opencv-matrix
   rows: 1
   cols: 5
   dt: d
   data: [-0.174028565794413,
           0.013733616066129,
           -0.0004116765342438851,
           -0.003047403515724,
           0.321943894838218]
