%YAML:1.0
---
M1: !!opencv-matrix
   rows: 3
   cols: 3
   dt: d
   data: [ 2360.869180040865,-5.651171618701997,691.2598417136352,
           0, 2360.059821867477, 532.7982039318865,
           0,0,1
        ]
D1: !!opencv-matrix
   rows: 1
   cols: 5
   dt: d
   data: [ 0.063836875189136,
           0.2184900165248377,
           0.0009169985502373252,
           0.008277028265028,
          -5.821459497966730]
