%YAML:1.0
---
M1: !!opencv-matrix
   rows: 3
   cols: 3
   dt: d
   data: [ 1336.90723444643,      -4.07031747723340,          641.973082830106,
            0,                    1337.45958949053,             516.407450856363,
            0,                          0,                              1
         ]
D1: !!opencv-matrix
   rows: 1
   cols: 5
   dt: d
   data: [-0.178447998230227 ,
           0.0932479446407138,
           0,
           -0.00113717254865463,
          0.161266249298033]
